6002 30076 407 15115 17429 23737 15284 6015 32663 25560 
29860 4100 330 7478 3175 32617 2130 7349 4961 4176 
16730 5799 32176 29491 13446 26095 8381 13732 20392 15714 
12049 7897 24758 2164 9835 13671 5244 16144 25615 21070 
19854 12487 21344 25910 26497 2861 27313 19960 14938 8064 
27225 28512 29255 11147 4613 24370 3981 10698 16467 22378 
8898 27855 12444 19656 6460 2532 19216 20108 11721 22258 
15113 4991 20896 32674 16281 22578 8600 30145 27237 29322 
15256 16617 16567 15996 2127 29022 29390 18454 19749 14902 
7545 22207 6769 30397 18916 15807 27116 7959 8113 5634 
358 28711 32074 17688 28087 19120 27254 30081 10745 3514 
6443 25640 18164 28728 26788 10029 9946 7655 7858 20967 
8501 7033 19287 6698 8989 13811 2705 25285 8110 340 
6260 20303 25785 10871 27515 17700 10170 8250 18720 32170 
24330 22496 2218 3545 15190 12468 30791 1786 21840 15087 
6234 5294 25508 26076 8470 15411 3374 22842 1612 8419 
11114 32226 28033 29181 4396 31146 19012 26024 10641 8840 
5311 25909 821 11515 20107 20133 7078 6566 18889 28523 
32537 9790 26222 7283 4188 17831 14814 2914 3340 25434 
21693 20768 8712 30218 6913 10644 9253 9607 25164 27822 
16676 2018 19066 21675 15585 14802 1141 31124 3788 22102 
31569 9736 29597 4508 5013 26940 18244 31522 29910 2624 
15135 11035 4491 16516 15472 24340 24860 21914 7950 18903 
60 5181 24667 6800 11129 10387 5749 32558 18449 21935 
24497 9740 28424 9306 26181 721 11895 28435 19524 23189 
29991 28500 5072 23365 23646 12311 22411 16968 17401 2457 
26446 22114 29883 2654 7454 14553 15589 29045 32347 20951 
15111 7677 32059 23568 19221 6120 28279 21412 18877 5631 
1860 19527 8696 9510 30597 29343 22752 21730 29759 15597 
3009 3352 17997 3824 5234 28952 12629 21767 18406 29657 
18170 23189 766 390 31315 24489 31137 25146 1948 12767 
31759 14857 1068 19585 9842 19007 10919 17394 11959 22508 
14197 77 17563 23456 26995 2889 14345 24179 31464 30048 
22947 10312 9914 5680 18847 9043 3554 11297 10452 6361 
4381 8008 24596 11063 29412 27531 29117 12582 21919 30214 
2443 22077 27158 20910 16048 9400 25128 14132 15399 23671 
31679 13357 17221 15178 14339 21871 15505 6763 4814 20670 
19157 1356 20064 29096 5237 11667 10069 19885 14080 24675 
1236 931 6405 24798 30984 2649 3624 19432 9684 21115 
372 26925 22978 16309 6643 3429 31037 15643 3452 29143 
2049 28873 5581 9499 26319 21190 15322 31013 6501 11055 
28004 4735 10413 15249 4300 31958 30005 6038 2858 26808 
3551 28900 27802 30364 24282 23106 14038 13091 19664 17916 
29194 10397 4193 17289 995 10703 26065 16492 31977 14836 
25853 20568 20496 13825 5524 16535 10377 9005 4995 31405 
20958 18097 22449 31288 26174 27340 30957 23066 14102 29963 
31013 15578 9185 12743 29400 5192 21312 30959 15053 3168 
589 4104 18950 7537 24108 28017 1008 2431 7140 16620 
11484 18661 17005 25946 9394 10814 23307 8134 14820 10630 
31706 20389 10402 17021 24745 29788 6733 16972 1547 11267 
14637 23659 31404 3945 11366 1730 23266 3928 4136 24847 
10884 14106 15911 11143 255 30779 31307 4288 15270 25489 
22440 18126 10826 29562 27056 19373 27147 19301 5543 16607 
25197 4244 6232 10837 6319 16416 5127 5267 19800 9789 
15014 26128 6162 23231 26700 24539 30139 26333 16866 4484 
31930 30773 11296 17466 11151 17681 11960 8497 1454 1513 
6096 5959 29326 10281 29622 17382 4861 7731 11471 25388 
182 28840 26577 2889 11317 29924 28722 14121 19658 19655 
18657 25684 5869 5051 13619 18450 11473 23794 20000 24530 
32060 26352 30639 24780 1173 10314 19119 19174 9279 6573 
18088 8916 1061 24865 24593 6020 12950 17039 16067 5817 
30292 31105 16558 5366 1767 24618 5323 3229 7991 1958 
593 30808 7770 9603 12332 19640 10923 31359 171 13596 
2844 5779 21881 6101 10957 7729 20430 9607 31453 29899 
24806 30674 9856 28820 16051 818 19793 31626 4303 24612 
14314 17844 27060 12171 15026 27816 24623 7761 15095 15441 
23826 19537 2621 27887 28970 6773 3029 607 18288 9243 
22705 12445 1923 26558 21878 27015 15446 25298 28371 30692 
4902 9455 28690 19364 1712 7730 10220 23401 19104 11489 
20386 16199 2892 11853 26697 26824 21922 5885 613 7220 
15199 22024 9146 3855 1923 1987 16223 20450 5889 15260 
29716 23359 10682 20806 1237 511 16300 12567 16304 1230 
22119 25518 18131 2282 6849 19672 28649 18983 25291 3509 
11687 11831 1028 21014 14241 7464 22988 3370 25699 17198 
4123 26970 27069 8099 1650 28529 30558 1356 24338 10496 
24484 28638 3693 16897 17075 21184 32474 28090 28613 17683 
7308 4836 28865 12016 24005 781 29710 23536 6983 16699 
2217 5874 19724 7122 24693 13080 32566 7607 3283 9747 
4937 6838 26995 6049 8600 23329 10602 2643 3837 10938 
14980 404 10957 20179 29403 18663 26891 10164 15528 16496 
3292 317 13402 21174 22331 22221 27877 30631 3566 3682 
20061 26845 28345 28417 17091 27423 25297 22104 9503 20779 
1683 29090 9934 7090 22902 32203 7966 23205 10815 21204 
31000 13231 4980 15994 13213 12803 7186 29202 10165 17239 
20610 1976 2339 1584 26570 25256 21821 19809 18689 28396 
9210 31950 1285 1080 3917 9078 6256 28690 9393 30385 
2503 27445 5381 4789 14325 32312 5787 9311 27896 6507 
11660 24625 2267 25602 20046 27287 22756 1653 3720 5486 
28430 29734 22564 5830 3513 30789 21158 7399 31649 2544 
30397 25491 21517 11167 24 11915 10057 22976 12667 19797 
32597 19614 7954 3131 7391 4487 29445 13975 111 16174 
24652 3662 5090 18766 14277 23707 2073 14224 21380 14 
15090 17327 19562 7124 14711 8922 11769 19512 12886 32346 
7270 1130 27794 24436 8432 31103 5751 4753 4209 16058 
211 17820 16435 30474 6755 26028 32004 16339 16268 32739 
30861 14577 12875 10646 8415 19963 20079 13229 5711 9412 
19974 11597 13188 21800 12821 31157 23502 19973 9100 32102 
953 2951 24696 9863 10211 681 2427 21639 9738 26104 
25465 25348 11369 10138 24981 23532 13125 23696 2908 5346 
13507 25912 4927 15331 5884 32534 12615 5929 31827 9171 
5636 31823 28167 22918 2503 17079 5380 22579 3089 13609 
29951 10385 1866 18108 24001 8209 27830 3834 1731 24091 
19622 20799 2300 11931 16107 4962 10999 30140 12176 1943 
13096 2291 25545 19860 13440 6464 19238 20211 2367 4785 
28940 15064 28682 5415 8806 25811 32573 27228 7064 2824 
25218 7461 21172 18317 5795 5621 -1
